1.397703193701230528e+00
1.010010539721220013e+00
8.911375181797223100e-01
8.673812296146001799e-01
8.174666563669840125e-01
7.527399277075742523e-01
7.476535309583712818e-01
6.903436138079717121e-01
6.667119539701021891e-01
6.372309701564984330e-01
6.270549499835723628e-01
5.942557996664291631e-01
5.448788412106342349e-01
5.429655726139361871e-01
5.238667206886487016e-01
5.060663544214688558e-01
4.814478342349712836e-01
4.688100004807496668e-01
4.461635500192642212e-01
4.411016633877387627e-01
4.184427272814970622e-01
4.318243593741685760e-01
3.931620292938672323e-01
6.287278112692710197e-01
4.299749720555085530e-01
4.014332145452499390e-01
3.739729619179016362e-01
3.972838077789697664e-01
3.447856776989423055e-01
3.374187331169079540e-01
3.264528770859425055e-01
3.088124623665443047e-01
3.079478179032986151e-01
2.904555895007573385e-01
2.793899719149638416e-01
2.661998887092639210e-01
2.633570180489466783e-01
2.565704362514691361e-01
2.483634478770769538e-01
2.439699593262794619e-01
2.399474099660530990e-01
2.347531790534655161e-01
2.324727508120047748e-01
2.216188942965788833e-01
2.146095637327585515e-01
2.030018849823719551e-01
2.032166411861395239e-01
1.917433543847157362e-01
1.963198013030565681e-01
1.871020103303285831e-01
1.872090219687192747e-01
1.781275796775634579e-01
1.698053485881059477e-01
1.761530437148534356e-01
1.659154255802814670e-01
1.697094904688688510e-01
1.631674454189263879e-01
1.619155513934600055e-01
1.560446970546856826e-01
1.579097375655785507e-01
1.492640300629994865e-01
1.437394432723522186e-01
1.426290712104393843e-01
1.379653867811728718e-01
1.371424889717346718e-01
1.972565856308509114e-01
1.323120999985780422e-01
1.296783870993516441e-01
1.273665254314740591e-01
1.331988594088799049e-01
