2.527043269230769273e-01
3.638822115384615641e-01
4.094551282051281937e-01
4.086538461538461453e-01
4.354967948717948789e-01
4.457131410256410242e-01
4.426081730769230727e-01
4.631410256410256610e-01
4.706530448717948789e-01
4.835737179487179516e-01
4.813701923076922906e-01
4.949919871794871695e-01
5.083133012820513219e-01
5.099158653846154188e-01
5.080128205128204844e-01
5.100160256410256610e-01
5.255408653846154188e-01
5.266426282051281937e-01
5.385616987179486781e-01
5.432692307692307265e-01
5.614983974358974672e-01
5.831330128205127750e-01
6.123798076923077094e-01
5.331530448717948234e-01
5.950520833333333703e-01
6.195913461538461453e-01
6.404246794871795156e-01
6.366185897435897578e-01
6.618589743589743390e-01
6.684695512820513219e-01
6.815905448717948234e-01
6.822916666666666297e-01
6.930088141025640969e-01
7.089342948717948234e-01
7.171474358974359031e-01
7.271634615384615641e-01
7.327724358974359031e-01
7.307692307692307265e-01
7.346754807692307265e-01
7.407852564102563875e-01
7.459935897435897578e-01
7.534054487179486781e-01
7.480969551282051766e-01
7.570112179487179516e-01
7.662259615384615641e-01
7.678285256410256610e-01
7.785456730769231282e-01
7.866586538461538547e-01
7.763421474358974672e-01
7.806490384615384359e-01
7.866586538461538547e-01
7.889623397435897578e-01
7.923677884615384359e-01
7.922676282051281937e-01
7.914663461538461453e-01
7.975761217948718063e-01
7.986778846153845812e-01
8.066907051282051766e-01
8.047876602564102422e-01
8.009815705128204844e-01
8.116987179487179516e-01
8.105969551282051766e-01
8.151041666666666297e-01
8.206129807692307265e-01
8.275240384615384359e-01
7.891626602564102422e-01
8.273237179487179516e-01
8.284254807692307265e-01
8.325320512820513219e-01
8.316306089743589203e-01
