5.532852564102563875e-01
6.877003205128204844e-01
7.866586538461538547e-01
8.222155448717948234e-01
8.595753205128204844e-01
8.764022435897436125e-01
8.851161858974359031e-01
9.042467948717948234e-01
9.239783653846154188e-01
9.249799679487179516e-01
9.357972756410256610e-01
9.409054487179486781e-01
9.448116987179486781e-01
9.584334935897436125e-01
9.589342948717948234e-01
9.628405448717948234e-01
9.675480769230768718e-01
9.733573717948718063e-01
9.767628205128204844e-01
9.785657051282051766e-01
9.843750000000000000e-01
9.816706730769231282e-01
9.851762820512820484e-01
8.954326923076922906e-01
9.713541666666666297e-01
9.836738782051281937e-01
9.838741987179486781e-01
9.595352564102563875e-01
9.900841346153845812e-01
9.921875000000000000e-01
9.902844551282051766e-01
9.949919871794872250e-01
9.925881410256410797e-01
9.942908653846154188e-01
9.959935897435897578e-01
9.959935897435897578e-01
9.969951923076922906e-01
9.936899038461538547e-01
9.964943910256410797e-01
9.983974358974359031e-01
9.969951923076922906e-01
9.968950320512820484e-01
9.976963141025640969e-01
9.984975961538461453e-01
9.979967948717948234e-01
9.980969551282051766e-01
9.975961538461538547e-01
9.982972756410256610e-01
9.987980769230768718e-01
9.988982371794872250e-01
9.982972756410256610e-01
9.988982371794872250e-01
9.988982371794872250e-01
9.991987179487179516e-01
9.992988782051281937e-01
9.996995192307692735e-01
9.985977564102563875e-01
9.988982371794872250e-01
9.980969551282051766e-01
9.971955128205127750e-01
9.992988782051281937e-01
9.996995192307692735e-01
9.989983974358974672e-01
9.994991987179486781e-01
9.994991987179486781e-01
9.667467948717948234e-01
9.985977564102563875e-01
9.993990384615384359e-01
9.988982371794872250e-01
9.990985576923077094e-01
