7.554290088323446506e-01
5.910244534413019446e-01
4.411047101020812988e-01
3.810911524372223025e-01
3.155289301887536646e-01
2.837713454396296742e-01
2.634627335728743081e-01
2.301462607888075107e-01
1.880575145284334726e-01
1.831789569785961802e-01
1.601229172486525187e-01
1.465196265146518351e-01
1.312460055431494410e-01
1.106936612333624809e-01
1.045415017467278690e-01
9.966284433045448365e-02
8.721643588386285284e-02
7.186596632863466450e-02
6.522210210991594148e-02
5.979539776364198311e-02
5.039273684796614222e-02
4.792724189778359983e-02
4.133860776439691326e-02
4.137837210407432909e-01
7.601609885788117305e-02
4.834848795181665576e-02
4.278739997878288487e-02
1.077310803752297014e-01
3.218735490615168976e-02
2.615041742459512514e-02
2.886325350771538553e-02
1.873333510071134578e-02
2.189346602729832017e-02
1.749358106500063098e-02
1.391220039043289045e-02
1.348600558524664858e-02
1.201287735378942824e-02
1.820712789403608825e-02
1.390364317175669592e-02
7.469488830210115754e-03
1.113600152371546810e-02
1.147420542278828476e-02
8.780487498137144395e-03
7.164774947644521504e-03
7.509274494786484164e-03
7.187527455896951245e-03
9.203703169567653899e-03
7.536683473377847088e-03
6.854001105052585745e-03
4.938476652918884560e-03
8.274777572996053904e-03
5.449842158645295566e-03
4.570683134191382696e-03
5.203518035555951271e-03
3.734541974084165401e-03
3.013664761219376695e-03
4.807597603828001748e-03
5.730652476837023133e-03
6.319969731311385515e-03
9.173987429956188475e-03
3.974731823874231434e-03
3.002666208582619681e-03
4.178382103138853811e-03
2.919454970255267335e-03
2.880278963391155484e-03
9.386592885764399874e-02
5.586355791773456141e-03
4.695566274070491104e-03
5.506706193465596075e-03
4.905917833056241267e-03
